[[4.72821814 6.23005351 2.21904841 9.54212249 4.94628717 1.40431214
  6.61935708 6.62581795 4.23630326 9.55113303]
 [2.88945844 3.1953818  6.97353391 0.24963456 8.22258168 5.23175372
  5.28684669 8.61442057 4.49400084 0.28898698]
 [8.41950058 7.02109785 6.04692269 4.91120837 4.36435412 6.26003871
  5.80967926 4.34679662 2.48328954 7.2455221 ]
 [6.93234256 7.27879369 4.49750286 9.48768652 6.04015147 4.69784442
  0.85200538 1.79197346 0.98481134 0.55371605]
 [7.21662719 3.61455963 1.13812505 2.50000812 3.91716471 0.38213223
  3.83555452 5.62776669 1.41547608 4.29810136]
 [6.49464665 4.7646458  8.23592331 3.37334333 0.10618248 5.23318894
  7.2423048  5.39278954 9.65166607 3.01150439]
 [5.68137131 8.16516133 1.09005869 7.09369755 8.63527694 6.33706123
  3.50350133 8.34312205 8.42312013 7.79329008]
 [5.05687379 1.34533523 8.6041406  7.37845143 9.09757579 1.05243392
  7.27351963 6.58896998 5.27513237 3.16726919]
 [8.25216464 7.99348351 2.87760295 6.15655142 6.87759575 1.10045054
  7.07576624 6.20876079 9.06928707 5.55057646]
 [2.51661713 5.58404592 3.67714021 6.08929196 4.09029027 2.74632745
  5.75577358 9.33205518 8.03807466 1.84179013]]