9.16
2.33
8.00
10.33
13.00
6.83
5.33
8.66
15.66
1.83
2.83
13.83
13.83
2.16
10.16
11.50
7.33
6.50
12.83
5.66
5.66
.33
15.50
4.00
4.16
4.66
8.16
15.33
.50
1.33
7.33
14.50
10.50
10.33
3.83
16.33
15.00
3.33
1.00
13.16
5.33
5.00
12.16
15.16
6.83
6.00
0
15.50
10.50
16.00
2.83
9.33
5.00
13.50
6.16
9.33
5.83
15.00
11.50
5.83
5.33
9.00
14.50
10.16
13.50
16.50
3.50
12.83
7.83
9.00
16.50
6.00
15.50
1.16
14.16
2.00
11.16
2.66
10.83
8.83
4.50
9.83
16.33
15.66
3.83
1.16
9.83
3.16
12.50
2.16
7.83
11.33
13.16
13.83
13.50
14.33
8.50
8.16
14.00
16.00
11.83
15.66
3.83
16.50
1.50
2.83
9.16
11.66
8.16
13.16
10.33
8.50
1.00
16.00
9.33
2.66
8.50
3.00
1.83
3.83
16.33
0
13.00
13.33
12.50
8.83
12.83
5.00
9.66
6.83
14.33
2.83
15.50
6.66
10.33
6.16
15.33
3.33
5.00
14.33
10.50
7.50
11.66
16.50
.33
10.50
14.83
6.83
15.83
14.00
12.83
1.66
14.50
4.00
.33
14.33
7.16
2.83
13.66
3.50
8.66
2.00
5.50
10.83
16.33
6.33
3.16
1.66
8.66
2.83
11.33
4.33
10.16
.83
6.50
15.66
6.66
16.50
8.00
3.33
9.66
13.16
13.16
11.50
11.83
10.66
1.00
2.00
16.16
.66
2.66
16.33
13.16
0
6.66
13.83
8.16
10.83
8.50
2.16
4.83
14.00
10.33
4.83
10.00
5.66
2.00
.16
2.00
5.33
6.00
15.33
2.50
7.33
13.66
10.00
1.00
1.66
12.00
3.66
10.33
10.33
11.50
16.33
.50
5.66
2.66
10.16
3.50
4.16
.33
4.00
15.50
7.50
13.66
3.00
.33
13.16
8.50
12.16
15.50
9.50
12.50
8.66
12.83
4.50
1.66
10.16
15.50
13.16
12.33
11.16
1.00
7.50
15.66
11.16
11.33
10.50
.33
9.00
1.33
5.33
14.33
8.16
10.00
8.66
3.66
.16
3.16
12.16
13.00
11.66
14.50
14.50
6.50
14.33
0
11.00
14.83
10.16
4.66
7.00
14.16
6.00
13.50
7.50
8.16
13.33
16.00
5.16
13.66
5.33
14.66
2.50
11.66
15.83
.50
8.83
5.16
8.00
