11.00
2.80
9.60
12.40
15.60
8.20
6.40
10.40
18.80
2.20
3.40
16.60
16.60
2.60
12.20
13.80
8.80
7.80
15.40
6.80
6.80
.40
18.60
4.80
5.00
5.60
9.80
18.40
.60
1.60
8.80
17.40
12.60
12.40
4.60
19.60
18.00
4.00
1.20
15.80
6.40
6.00
14.60
18.20
8.20
7.20
0
18.60
12.60
19.20
3.40
11.20
6.00
16.20
7.40
11.20
7.00
18.00
13.80
7.00
6.40
10.80
17.40
12.20
16.20
19.80
4.20
15.40
9.40
10.80
19.80
7.20
18.60
1.40
17.00
2.40
13.40
3.20
13.00
10.60
5.40
11.80
19.60
18.80
4.60
1.40
11.80
3.80
15.00
2.60
9.40
13.60
15.80
16.60
16.20
17.20
10.20
9.80
16.80
19.20
14.20
18.80
4.60
19.80
1.80
3.40
11.00
14.00
9.80
15.80
12.40
10.20
1.20
19.20
11.20
3.20
10.20
3.60
2.20
4.60
19.60
0
15.60
16.00
15.00
10.60
15.40
6.00
11.60
8.20
17.20
3.40
18.60
8.00
12.40
7.40
18.40
4.00
6.00
17.20
12.60
9.00
14.00
19.80
.40
12.60
17.80
8.20
19.00
16.80
15.40
2.00
17.40
4.80
.40
17.20
8.60
3.40
16.40
4.20
10.40
2.40
6.60
13.00
19.60
7.60
3.80
2.00
10.40
3.40
13.60
5.20
12.20
1.00
7.80
18.80
8.00
19.80
9.60
4.00
11.60
15.80
15.80
13.80
14.20
12.80
1.20
2.40
19.40
.80
3.20
19.60
15.80
0
8.00
16.60
9.80
13.00
10.20
2.60
5.80
16.80
12.40
5.80
12.00
6.80
2.40
.20
2.40
6.40
7.20
18.40
3.00
8.80
16.40
12.00
1.20
2.00
14.40
4.40
12.40
12.40
13.80
19.60
.60
6.80
3.20
12.20
4.20
5.00
.40
4.80
18.60
9.00
16.40
3.60
.40
15.80
10.20
14.60
18.60
11.40
15.00
10.40
15.40
5.40
2.00
12.20
18.60
15.80
14.80
13.40
1.20
9.00
18.80
13.40
13.60
12.60
.40
10.80
1.60
6.40
17.20
9.80
12.00
10.40
4.40
.20
3.80
14.60
15.60
14.00
17.40
17.40
7.80
17.20
0
13.20
17.80
12.20
5.60
8.40
17.00
7.20
16.20
9.00
9.80
16.00
19.20
6.20
16.40
6.40
17.60
3.00
14.00
19.00
.60
10.60
6.20
9.60
