[[4.26388835 2.99379209 7.83921828 9.53429197 5.35722259 7.43520962
  1.96131075 3.86368308 1.09503703 2.07259315]
 [9.74791515 6.99281956 3.71300517 8.07286677 0.23921233 4.13011188
  2.56022962 1.30705473 6.20817568 8.21853871]
 [0.36332588 8.86344241 6.50820001 6.82589506 6.20585861 5.55285623
  0.03504581 8.53487028 4.6181271  6.35143975]
 [5.8373995  3.89326253 7.56947269 5.87183223 2.15304508 8.68951079
  7.97938906 5.20210298 8.87229641 0.37716167]
 [4.58188721 1.27041391 1.44885425 9.3387659  1.57929801 4.97935654
  8.89441614 3.82580572 0.45263646 7.28771036]
 [1.89090267 0.93928278 7.08212159 2.27574022 5.66814537 9.45182995
  1.64331476 4.69448918 2.98679144 7.45582809]
 [2.01065742 6.01650089 1.9413262  0.39068825 3.47779163 4.25608952
  7.48765294 2.84006557 6.9474313  2.53172099]
 [4.7781364  1.73409544 3.66791593 2.77761138 4.64354661 2.95590964
  9.55129953 0.5304643  5.60950963 0.19127221]
 [1.65673058 1.5997564  8.12025758 6.36716678 2.30422711 7.65904623
  9.82149429 1.59765722 5.7079643  0.13747594]
 [9.25193113 2.39469593 1.55985829 4.05104398 9.27802269 9.91540686
  7.40642318 2.20276909 7.40141879 0.1166765 ]]